0 0.11622202343750002 0.9475056796875 0.25430859687499996 0.953474378125 0.2556702078125 0.8093435031249999 0.11751955624999999 0.8052097781249999 0.11622202343750002 0.9475056796875
0 0.20527024320694204 0.7045647859035419 0.19739089908902613 0.198186846124028
0 0.21391610082615586 0.5241505872903127 0.17135418874473984 0.167917464665139
0 0.12801774531250001 0.434488028125 0.2921687609375 0.43004458906250004 0.27837015468750004 0.2644414984375 0.11396282499999999 0.2762248359375 0.12801774531250001 0.434488028125
0 0.32905493967141214 0.8990077297671183 0.1266021947351897 0.09349803970326391
0 0.4945807359505479 0.8833132606366672 0.14559029691210784 0.14546058320625016
0 0.7408406662577672 0.817111604860834 0.25858634863353913 0.2964074469977085
0 0.6713640130772079 0.5676369753018061 0.17028276206571746 0.18194359707395852
0 0.6467702234375 0.47410911406249995 0.851211396875 0.47243990468749997 0.8378293031249999 0.2949094796875 0.6392140546875 0.30497838593750004 0.6467702234375 0.47410911406249995
0 0.5273064782308176 0.5283172893220144 0.1058928798517325 0.17107752583555574
0 0.5484523358500315 0.34819403143822963 0.17173613466105592 0.1788549646651391
0 0.38597215010051644 0.5453567061157643 0.1683928798517324 0.17253222948277802
0 0.5045708387604384 0.7091854296146185 0.11704863466105593 0.17758209897381966
0 0.3696129962021669 0.7451385005686809 0.11861113466105584 0.17761846656499997
0 0.3175924140625 0.4379821953125 0.4608267234375 0.43672484687499996 0.446221775 0.25916595937500003 0.30405012343750004 0.26503920625 0.3175924140625 0.4379821953125